{
 "cells": [
  {
   "cell_type": "markdown",
   "metadata": {},
   "source": [
    "# Numpy"
   ]
  },
  {
   "cell_type": "markdown",
   "metadata": {},
   "source": [
    "Website: https://youtu.be/4PXAztQtoTg?t=3157"
   ]
  },
  {
   "cell_type": "code",
   "execution_count": 16,
   "metadata": {},
   "outputs": [],
   "source": [
    "import numpy as np"
   ]
  },
  {
   "cell_type": "markdown",
   "metadata": {},
   "source": [
    "### Generating array "
   ]
  },
  {
   "cell_type": "code",
   "execution_count": 9,
   "metadata": {},
   "outputs": [
    {
     "name": "stdout",
     "output_type": "stream",
     "text": [
      "[[0.69646919 0.28613933 0.22685145 0.55131477 0.71946897]\n",
      " [0.42310646 0.9807642  0.68482974 0.4809319  0.39211752]\n",
      " [0.34317802 0.72904971 0.43857224 0.0596779  0.39804426]]\n"
     ]
    },
    {
     "data": {
      "text/plain": [
       "array([[0.69646919, 0.28613933, 0.22685145, 0.55131477, 0.71946897],\n",
       "       [0.42310646, 0.9807642 , 0.68482974, 0.4809319 , 0.39211752],\n",
       "       [0.34317802, 0.72904971, 0.43857224, 0.0596779 , 0.39804426]])"
      ]
     },
     "execution_count": 9,
     "metadata": {},
     "output_type": "execute_result"
    }
   ],
   "source": [
    "#setting a random seed for reproducibility \n",
    "rnd = np.random.RandomState(seed = 123)\n",
    "\n",
    "#Generating a random array \n",
    "X = rnd.uniform(low = 0.0, high = 1.0, size = (3,5)) # a 3 x 5 array \n",
    "\n",
    "print(X)\n",
    "X #Shows you what type of object is "
   ]
  },
  {
   "cell_type": "code",
   "execution_count": 10,
   "metadata": {},
   "outputs": [
    {
     "name": "stdout",
     "output_type": "stream",
     "text": [
      "(3, 5)\n",
      "float64\n"
     ]
    }
   ],
   "source": [
    "print(X.shape)\n",
    "print(X.dtype)"
   ]
  },
  {
   "cell_type": "markdown",
   "metadata": {},
   "source": [
    "### Indexing, Slicing"
   ]
  },
  {
   "cell_type": "code",
   "execution_count": 11,
   "metadata": {},
   "outputs": [
    {
     "name": "stdout",
     "output_type": "stream",
     "text": [
      "0.42310646012446096\n"
     ]
    }
   ],
   "source": [
    "#Acessing elements \n",
    "#get a single element \n",
    "#( here: an element in the first row and columns)\n",
    "print(X[1,0])"
   ]
  },
  {
   "cell_type": "code",
   "execution_count": 12,
   "metadata": {},
   "outputs": [
    {
     "name": "stdout",
     "output_type": "stream",
     "text": [
      "[0.42310646 0.9807642  0.68482974 0.4809319  0.39211752]\n"
     ]
    }
   ],
   "source": [
    "#get a row \n",
    "# (here: 2nd row)\n",
    "print(X[1])"
   ]
  },
  {
   "cell_type": "code",
   "execution_count": 13,
   "metadata": {},
   "outputs": [
    {
     "name": "stdout",
     "output_type": "stream",
     "text": [
      "[0.28613933 0.9807642  0.72904971]\n"
     ]
    }
   ],
   "source": [
    "#get a column \n",
    "#here 2nd column\n",
    "print(X[:,1])"
   ]
  },
  {
   "cell_type": "code",
   "execution_count": 15,
   "metadata": {},
   "outputs": [
    {
     "name": "stdout",
     "output_type": "stream",
     "text": [
      "[[0.69646919 0.42310646 0.34317802]\n",
      " [0.28613933 0.9807642  0.72904971]\n",
      " [0.22685145 0.68482974 0.43857224]\n",
      " [0.55131477 0.4809319  0.0596779 ]\n",
      " [0.71946897 0.39211752 0.39804426]]\n"
     ]
    }
   ],
   "source": [
    "#Transposing an array\n",
    "print(X.T)"
   ]
  },
  {
   "cell_type": "code",
   "execution_count": 18,
   "metadata": {},
   "outputs": [
    {
     "data": {
      "text/plain": [
       "array([ 0.,  3.,  6.,  9., 12.])"
      ]
     },
     "execution_count": 18,
     "metadata": {},
     "output_type": "execute_result"
    }
   ],
   "source": [
    "#creating a row vector \n",
    "#of evenly spaced numbers over a specified interval. \n",
    "y = np.linspace(0, 12, 5)\n",
    "y"
   ]
  },
  {
   "cell_type": "code",
   "execution_count": 20,
   "metadata": {},
   "outputs": [
    {
     "data": {
      "text/plain": [
       "array([[ 0.],\n",
       "       [ 3.],\n",
       "       [ 6.],\n",
       "       [ 9.],\n",
       "       [12.]])"
      ]
     },
     "execution_count": 20,
     "metadata": {},
     "output_type": "execute_result"
    }
   ],
   "source": [
    "#turning row vector into column vector \n",
    "y[:, np.newaxis]\n"
   ]
  },
  {
   "cell_type": "markdown",
   "metadata": {},
   "source": [
    "Why would you need np.newaxis: might come in handy when you want to explicitly convert a 1D array to either \n",
    "    a row vector or a column vector, as depicted in the above picture.\n",
    "    \n",
    "   Stackoverflow explains other possible scenarios when this is useful: https://stackoverflow.com/questions/29241056/how-does-numpy-newaxis-work-and-when-to-use-it"
   ]
  },
  {
   "cell_type": "markdown",
   "metadata": {},
   "source": [
    "### Reshaping an array"
   ]
  },
  {
   "cell_type": "code",
   "execution_count": 24,
   "metadata": {},
   "outputs": [
    {
     "name": "stdout",
     "output_type": "stream",
     "text": [
      "(3, 5)\n",
      "[[0.69646919 0.28613933 0.22685145 0.55131477 0.71946897]\n",
      " [0.42310646 0.9807642  0.68482974 0.4809319  0.39211752]\n",
      " [0.34317802 0.72904971 0.43857224 0.0596779  0.39804426]]\n"
     ]
    }
   ],
   "source": [
    "#Getting the shape or reshaping an array \n",
    "\n",
    "rnd = np.random.RandomState(seed = 123)\n",
    "X = rnd.uniform(low = 0.0, high = 1., size = (3, 5)) # a 3x5 array \n",
    "print(X.shape)\n",
    "print(X)"
   ]
  },
  {
   "cell_type": "code",
   "execution_count": 25,
   "metadata": {},
   "outputs": [
    {
     "data": {
      "text/plain": [
       "array([[0.69646919, 0.28613933, 0.22685145],\n",
       "       [0.55131477, 0.71946897, 0.42310646],\n",
       "       [0.9807642 , 0.68482974, 0.4809319 ],\n",
       "       [0.39211752, 0.34317802, 0.72904971],\n",
       "       [0.43857224, 0.0596779 , 0.39804426]])"
      ]
     },
     "execution_count": 25,
     "metadata": {},
     "output_type": "execute_result"
    }
   ],
   "source": [
    "# reshape X to be size of (3,5)\n",
    "X_reshaped = X.reshape(5,3) #new dimension numbers must match old dimension numbers\n",
    "X_reshaped"
   ]
  },
  {
   "cell_type": "markdown",
   "metadata": {},
   "source": [
    " #### Note: Reshaping maintains the internal order of the data"
   ]
  },
  {
   "cell_type": "code",
   "execution_count": 34,
   "metadata": {},
   "outputs": [
    {
     "data": {
      "text/plain": [
       "array([ 0,  1,  2,  3,  4,  5,  6,  7,  8,  9, 10, 11])"
      ]
     },
     "execution_count": 34,
     "metadata": {},
     "output_type": "execute_result"
    }
   ],
   "source": [
    "np.arange(12)"
   ]
  },
  {
   "cell_type": "code",
   "execution_count": 35,
   "metadata": {},
   "outputs": [
    {
     "data": {
      "text/plain": [
       "array([[ 0,  1,  2,  3],\n",
       "       [ 4,  5,  6,  7],\n",
       "       [ 8,  9, 10, 11]])"
      ]
     },
     "execution_count": 35,
     "metadata": {},
     "output_type": "execute_result"
    }
   ],
   "source": [
    "#reshape must include numbers of multiple 12\n",
    "#notice that the numbers still go from 0 to 12\n",
    "np.arange(12).reshape(3,4)"
   ]
  },
  {
   "cell_type": "code",
   "execution_count": 37,
   "metadata": {},
   "outputs": [
    {
     "name": "stdout",
     "output_type": "stream",
     "text": [
      "[[0.69646919 0.28613933 0.22685145 0.55131477 0.71946897]\n",
      " [0.42310646 0.9807642  0.68482974 0.4809319  0.39211752]\n",
      " [0.34317802 0.72904971 0.43857224 0.0596779  0.39804426]]\n"
     ]
    }
   ],
   "source": [
    "print(X)"
   ]
  },
  {
   "cell_type": "code",
   "execution_count": 39,
   "metadata": {},
   "outputs": [
    {
     "name": "stdout",
     "output_type": "stream",
     "text": [
      "[3 1 0]\n"
     ]
    },
    {
     "data": {
      "text/plain": [
       "array([[0.55131477, 0.28613933, 0.69646919],\n",
       "       [0.4809319 , 0.9807642 , 0.42310646],\n",
       "       [0.0596779 , 0.72904971, 0.34317802]])"
      ]
     },
     "execution_count": 39,
     "metadata": {},
     "output_type": "execute_result"
    }
   ],
   "source": [
    "#Fancy indexing - in this case we extracted columns 3, 1, 0 in that order \n",
    "indices = np.array([3,1,0])\n",
    "print(indices)\n",
    "X[:, indices]"
   ]
  },
  {
   "cell_type": "code",
   "execution_count": null,
   "metadata": {},
   "outputs": [],
   "source": []
  }
 ],
 "metadata": {
  "kernelspec": {
   "display_name": "Python 3",
   "language": "python",
   "name": "python3"
  },
  "language_info": {
   "codemirror_mode": {
    "name": "ipython",
    "version": 3
   },
   "file_extension": ".py",
   "mimetype": "text/x-python",
   "name": "python",
   "nbconvert_exporter": "python",
   "pygments_lexer": "ipython3",
   "version": "3.7.3"
  }
 },
 "nbformat": 4,
 "nbformat_minor": 2
}
